const CUBE_POSITIONS = new Float32Array ( [
     0.5,  0.5, -0.5,   -0.5,  0.5, -0.5,   -0.5,  0.5,  0.5,    0.5,  0.5,  0.5,  // Top
     0.5, -0.5,  0.5,   -0.5, -0.5,  0.5,   -0.5, -0.5, -0.5,    0.5, -0.5, -0.5,  // Bottom
    -0.5,  0.5,  0.5,   -0.5,  0.5, -0.5,   -0.5, -0.5, -0.5,   -0.5, -0.5,  0.5,  // Left
     0.5,  0.5, -0.5,    0.5,  0.5,  0.5,    0.5, -0.5,  0.5,    0.5, -0.5, -0.5,  // Right
     0.5,  0.5,  0.5,   -0.5,  0.5,  0.5,   -0.5, -0.5,  0.5,    0.5, -0.5,  0.5,  // Near
    -0.5,  0.5, -0.5,    0.5,  0.5, -0.5,    0.5, -0.5, -0.5,   -0.5, -0.5, -0.5   // Far
] );

const CUBE_NORMALS = new Float32Array ( [
     0.0,  1.0,  0.0,    0.0,  1.0,  0.0,    0.0,  1.0,  0.0,    0.0,  1.0,  0.0,  // Top
     0.0, -1.0,  0.0,    0.0, -1.0,  0.0,    0.0, -1.0,  0.0,    0.0, -1.0,  0.0,  // Bottom
    -1.0,  0.0,  0.0,   -1.0,  0.0,  0.0,   -1.0,  0.0,  0.0,   -1.0,  0.0,  0.0,  // Left
     1.0,  0.0,  0.0,    1.0,  0.0,  0.0,    1.0,  0.0,  0.0,    1.0,  0.0,  0.0,  // Right
     0.0,  0.0,  1.0,    0.0,  0.0,  1.0,    0.0,  0.0,  1.0,    0.0,  0.0,  1.0,  // Near
     0.0,  0.0, -1.0,    0.0,  0.0, -1.0,    0.0,  0.0, -1.0,    0.0,  0.0, -1.0   // Far
] );

const CUBE_INDICES = new Uint16Array ( [
     0,  1,  2,    0,  2,  3,  // Top
     4,  5,  6,    4,  6,  7,  // Bottom
     8,  9, 10,    8, 10, 11,  // Left
    12, 13, 14,   12, 14, 15,  // Right
    16, 17, 18,   16, 18, 19,  // Near
    20, 21, 22,   20, 22, 23   // Far
] );

const CUBE_EDGE_POSITIONS = [
     0.503,  0.503,  0.503,   -0.503,  0.503,  0.503,   -0.503, -0.503,  0.503,    0.503, -0.503,  0.503,  // Near
    -0.503,  0.503, -0.503,    0.503,  0.503, -0.503,    0.503, -0.503, -0.503,   -0.503, -0.503, -0.503   // Far
];

const CUBE_EDGE_INDICES = [
    0, 1,   1, 2,   2, 3,   3, 0,  // Near
    4, 5,   5, 6,   6, 7,   7, 4,  // Far
    5, 0,   4, 1,   7, 2,   6, 3   // Connection from far to near
];

const LINE_POSITIONS = new Float32Array ( [
    0.0,  1.0,   1.0,  1.0,  // Top of line
    0.0, -1.0,   1.0, -1.0   // Bottom of line
] );

const LINE_INDICES = new Uint16Array ( [
    0, 1, 2,   1, 0, 3  // Two tringles to create line
] );